0.0650333310 0.3562434980 0.2612465051 0.1336883174 0.0820543435 0.0158661938 0.0191579168 0.0519330571 0.0136059292 0.0011709082
0.0546609746 0.2128640428 0.2202544884 0.2209964754 0.0975543754 0.0795878956 0.0425913408 0.0454808405 0.0177135417 0.0082960248
0.0185879988 0.1796000961 0.1922108765 0.2352486154 0.1395467694 0.1008468904 0.0531866724 0.0539601194 0.0197350828 0.0070768787
0.0042308732 0.1198628497 0.1808605796 0.2304562707 0.1827948122 0.1224502978 0.0698959189 0.0614423804 0.0226242379 0.0053817795
0.0005949800 0.0600050784 0.1709565040 0.2158110135 0.2116571155 0.1508114265 0.0907672139 0.0673073891 0.0261404717 0.0059488074
0.0001360310 0.0205102027 0.1343694930 0.2017452216 0.2181451133 0.1876083215 0.1140168877 0.0791837407 0.0360625981 0.0082223902
0.0000215655 0.0057873665 0.0733500741 0.1722869019 0.2284843666 0.2238001674 0.1342445743 0.0913646955 0.0580490108 0.0126112774
0.0000000000 0.0005104044 0.0126419683 0.0839333786 0.2730295119 0.2974176958 0.1498004304 0.0692448163 0.0952199849 0.0182018092
0.0000000000 0.0000000000 0.0021449257 0.0261921607 0.1773485691 0.3700774901 0.2137313721 0.0834676668 0.0907597704 0.0362780450
0.0000000000 0.0000477669 0.0010466404 0.0080660650 0.0899770082 0.3281560884 0.2715228289 0.1524602611 0.0854928037 0.0632305373
