0.06503333 0.35624350 0.26124651 0.13368832 0.08205434 0.01586619 0.01915792 0.05193306 0.01360593 0.00117090
0.05466097 0.21286404 0.22025449 0.22099648 0.09755438 0.07958790 0.04259134 0.04548084 0.01771354 0.00829602
0.01858800 0.17960010 0.19221088 0.23524862 0.13954677 0.10084689 0.05318667 0.05396012 0.01973508 0.00707688
0.00423087 0.11986285 0.18086058 0.23045627 0.18279481 0.12245030 0.06989592 0.06144238 0.02262424 0.00538178
0.00059498 0.06000508 0.17095650 0.21581101 0.21165712 0.15081143 0.09076721 0.06730739 0.02614047 0.00594881
0.00013603 0.02051020 0.13436949 0.20174522 0.21814511 0.18760832 0.11401689 0.07918374 0.03606260 0.00822239
0.00002157 0.00578737 0.07335007 0.17228690 0.22848437 0.22380017 0.13424457 0.09136470 0.05804901 0.01261128
0.00000000 0.00051040 0.01264197 0.08393338 0.27302951 0.29741770 0.14980043 0.06924482 0.09521998 0.01820181
0.00000000 0.00000000 0.00214493 0.02619216 0.17734857 0.37007749 0.21373137 0.08346767 0.09075977 0.03627805
0.00000000 0.00004777 0.00104664 0.00806607 0.08997701 0.32815609 0.27152283 0.15246026 0.08549280 0.06323054
